train/1/0.bmp 1 148,60,122,96
train/1/1.bmp 1 335,52,143,106
train/1/2.bmp 1 169,82,148,94
train/1/3.bmp 1 141,68,376,310
train/1/4.bmp 1 148,55,395,328
train/1/5.bmp 1 260,120,297,114
train/1/6.bmp 1 298,14,177,134
train/1/7.bmp 1 56,59,318,148
train/1/8.bmp 1 153,53,73,67
train/1/9.bmp 1 134,101,82,110
train/1/10.bmp 1 66,119,226,99
train/1/11.bmp 1 1,44,440,269
train/1/12.bmp 1 3,94,389,168
train/1/13.bmp 1 191,93,65,86
train/1/14.bmp 1 231,160,63,58
train/1/15.bmp 1 495,45,213,114
train/1/16.bmp 1 78,39,285,161
train/1/17.bmp 1 149,74,210,113
train/1/18.bmp 1 168,125,369,329
train/1/19.bmp 1 112,44,408,318
train/1/20.bmp 1 131,37,421,334
train/1/21.bmp 1 46,40,282,142
train/1/22.bmp 1 167,136,71,54
train/1/23.bmp 1 152,41,134,59
train/1/24.bmp 1 113,59,151,133
train/1/25.bmp 1 197,39,279,167
train/1/26.bmp 1 201,36,280,208
train/1/27.bmp 1 83,41,218,146
train/1/28.bmp 1 100,42,303,157
train/1/29.bmp 1 201,124,136,141
train/1/30.bmp 1 134,25,314,130
train/1/31.bmp 1 170,144,124,79
train/1/32.bmp 1 192,45,106,96
train/1/33.bmp 1 88,59,162,148
train/1/34.bmp 1 86,43,251,152
train/1/35.bmp 1 165,75,178,150
train/1/36.bmp 1 76,51,346,283
train/1/37.bmp 1 100,96,159,134
train/1/38.bmp 1 188,37,403,252
train/1/39.bmp 1 27,37,455,263
train/1/40.bmp 1 94,57,151,154
train/1/41.bmp 1 47,124,367,203
train/1/42.bmp 1 78,9,410,241
train/1/43.bmp 1 72,84,163,141
train/1/44.bmp 1 147,58,180,163
train/1/45.bmp 1 81,25,110,106
train/1/46.bmp 1 50,10,313,191
train/1/47.bmp 1 142,68,193,145
train/1/48.bmp 1 153,69,231,124
train/1/49.bmp 1 136,19,133,140
train/1/50.bmp 1 150,21,108,97
train/1/51.bmp 1 72,84,187,140
train/1/52.bmp 1 69,66,209,183
train/1/53.bmp 1 139,68,47,30
train/1/54.bmp 1 89,130,99,84
train/1/55.bmp 1 87,123,190,160
train/1/56.bmp 1 120,129,130,121
train/1/57.bmp 1 118,60,147,99
train/1/58.bmp 1 99,27,189,118
train/1/59.bmp 1 99,15,291,149
train/1/60.bmp 1 113,50,158,150
train/1/61.bmp 1 81,25,165,53
train/1/62.bmp 1 116,52,374,257
train/1/63.bmp 1 131,47,100,85
train/1/64.bmp 1 156,41,192,102
train/1/65.bmp 1 100,50,103,109
train/1/66.bmp 1 72,58,309,290
train/1/67.bmp 1 164,40,67,78
train/1/68.bmp 1 14,12,419,246
train/1/69.bmp 1 159,107,64,44
train/1/70.bmp 1 80,15,307,195
train/1/71.bmp 1 137,23,309,204
train/1/72.bmp 1 337,110,285,174
train/1/73.bmp 1 122,110,487,185
train/1/74.bmp 1 175,40,243,233
train/1/75.bmp 1 181,94,160,119
train/1/76.bmp 1 98,37,308,302
train/1/77.bmp 1 190,21,358,182
train/1/78.bmp 1 134,50,162,139
train/1/79.bmp 1 150,68,112,74
train/1/80.bmp 1 242,108,109,61
train/1/81.bmp 1 5,127,319,149
train/1/82.bmp 1 243,127,87,56
train/1/83.bmp 1 137,74,136,103
train/1/84.bmp 1 158,32,86,49
train/1/85.bmp 1 198,38,59,52
train/1/86.bmp 1 146,58,165,130
train/1/87.bmp 1 78,56,190,115
train/1/88.bmp 1 29,11,341,348
train/1/89.bmp 1 25,14,346,329
train/1/90.bmp 1 184,59,187,154
train/1/91.bmp 1 7,74,404,213
train/1/92.bmp 1 160,17,477,294
train/1/93.bmp 1 27,15,279,246
train/1/94.bmp 1 146,51,89,53
train/1/95.bmp 1 86,52,421,304
train/1/96.bmp 1 307,80,149,109
train/1/97.bmp 1 229,73,181,112
train/1/98.bmp 1 106,43,144,88
train/1/99.bmp 1 121,82,507,241
train/1/100.bmp 1 133,33,149,102
train/1/101.bmp 1 83,80,211,148
train/1/102.bmp 1 63,78,608,276
train/1/103.bmp 1 295,82,96,112
train/1/104.bmp 1 242,92,204,201
train/1/105.bmp 1 239,84,119,114
train/1/106.bmp 1 164,60,135,144
train/1/107.bmp 1 110,90,77,31
train/1/108.bmp 1 96,17,257,127
train/1/109.bmp 1 178,43,69,59
train/1/110.bmp 1 51,44,297,171
train/1/111.bmp 1 118,144,148,135
train/1/112.bmp 1 156,6,111,47
train/1/113.bmp 1 128,72,127,96
train/1/114.bmp 1 153,76,108,98
train/1/115.bmp 1 184,42,115,71
train/1/116.bmp 1 142,75,232,108
train/1/117.bmp 1 57,53,229,140
train/1/118.bmp 1 62,39,351,118
train/1/119.bmp 1 160,54,143,91
train/1/120.bmp 1 206,56,111,97
train/1/121.bmp 1 111,32,263,293
train/1/122.bmp 1 142,67,495,350
train/1/123.bmp 1 16,95,621,378
train/1/124.bmp 1 149,56,104,73
train/1/125.bmp 1 156,68,119,70
train/1/126.bmp 1 150,50,91,95
train/1/127.bmp 1 26,83,256,235
train/1/128.bmp 1 81,111,421,259
train/1/129.bmp 1 18,114,518,222
train/1/130.bmp 1 146,57,149,158
train/1/131.bmp 1 134,90,108,91
train/1/132.bmp 1 196,101,226,210
train/1/133.bmp 1 150,151,186,171
train/1/134.bmp 1 156,153,173,165
train/1/135.bmp 1 27,69,313,173
train/1/136.bmp 1 251,128,89,50
